0 Session 2 - Technic mechanisms
0 Name:
0 Author: Alex Allmont
0 ROTATION CENTER 0 0 0 1 "Custom" 
0 ROTATION CONFIG 0 0
1 72 40 -95.7591 85.1825 -1 0 0 0 0.719331 0.694668 0 0.694668 -0.71933 87083.dat
1 4 9.99996 -106.007 68.0003 0 -1 0 -0.845774 0 -0.533542 0.533542 0 -0.845774 32316.dat
1 72 30 -95.3995 85.5299 0 0 -1 -0.694668 0.71933 0 0.71933 0.694668 0 3648b.dat
0 ROTSTEP 0 180 0 REL
1 72 30 -127.28 34.3473 0 0 -1 0.177625 0.984098 0 0.984098 -0.177625 0 3648b.dat
1 0 30 -127.28 34.3473 1 0 0 0 0.984098 0.177625 0 -0.177625 0.984098 3706.dat
1 4 50 -106.007 68.0003 0 -1 0 -0.845773 0 -0.533542 0.533542 0 -0.845773 32316.dat
0 STEP
1 14 -25 -127.28 34.3474 0 0 -1 0.177623 0.984099 0 0.984099 -0.177623 0 32123a.dat
1 4 -10 -88.8942 25.0129 0 -1 0 -0.247694 0 0.968838 -0.968838 0 -0.247694 32316.dat
1 0 20.0001 -69.1431 19.6168 1 0 0 0 0.996449 -0.084201 0 0.084201 0.996449 3737.dat
1 72 30.0001 -69.1431 19.6167 0 0 -1 -0.084202 0.996449 0 0.996449 0.084202 0 3648b.dat
1 71 50.0001 -69.1431 19.6167 0 0 1 0.084196 0.996449 0 -0.996449 0.084196 0 3713.dat
1 71 10 -69.1431 19.6167 0 0 -1 -0.084199 0.996449 0 0.996449 0.084199 0 3713.dat
0 ROTSTEP 0 0 0 REL
1 4 70 -88.8942 25.0129 0 -1 0 -0.247691 0 0.968839 -0.968839 0 -0.247691 32316.dat
1 14 85 -127.28 34.3473 0 0 -1 0.177623 0.984099 0 0.984099 -0.177623 0 32123a.dat
1 1 65 -95.7591 85.1825 0 -1 0 0.719331 0 -0.694668 0.694668 0 0.719331 41677.dat
1 1 75 -95.7591 85.1825 0 -1 0 0.719331 0 -0.694668 0.694668 0 0.719331 41677.dat
1 71 110 -109.305 99.2095 1 0 0 0 0.694668 0.719331 0 -0.719331 0.694668 32073.dat
0 STEP
1 14 90 -119.152 99.5678 0 0 -1 -0.000139 1 0 1 0.000139 0 3700.dat
1 1 90 -87.1524 99.5722 0 0 -1 -0.000139 1 0 1 0.000139 0 3023.dat
1 1 90 -95.1524 99.5711 0 0 -1 -0.000139 1 0 1 0.000139 0 3023.dat
1 14 89.9999 -79.1469 59.5734 0 0 1 0.000139 1 0 -1 0.000139 0 3894.dat
1 14 90.0001 -55.1413 19.5767 0 0 -1 -0.000139 1 0 1 0.000139 0 3004.dat
1 14 90.0001 -31.1413 19.58 0 0 -1 -0.000139 1 0 1 0.000139 0 3004.dat
1 14 90 -55.1525 99.5767 0 0 -1 -0.000139 1 0 1 0.000139 0 3004.dat
1 14 90 -31.1524 99.58 0 0 -1 -0.000139 1 0 1 0.000139 0 3004.dat
1 0 100 -69.3795 79.154 1 0 0 0 0.540417 0.841398 0 -0.841398 0.540417 2780.dat
1 0 100 -69.3739 39.154 1 0 0 0 0.540417 0.841398 0 -0.841398 0.540417 2780.dat
0 STEP
1 4 110 -69.1413 19.5748 0 1 0 -1 0 -0.000139 -0.000139 0 1 32526.dat
1 0 130 -111.155 99.989 0 0 1 -0.707008 -0.707205 0 0.707205 -0.707008 0 32269.dat
0 STEP
1 14 -30.0001 -79.1469 59.5732 0 0 1 0.000139 1 0 -1 0.000139 0 3894.dat
1 14 -29.9999 -55.1414 19.5766 0 0 -1 -0.000139 1 0 1 0.000139 0 3004.dat
1 14 -29.9999 -31.1414 19.5799 0 0 -1 -0.000139 1 0 1 0.000139 0 3004.dat
1 14 -30 -55.1525 99.5766 0 0 -1 -0.000139 1 0 1 0.000139 0 3004.dat
1 14 -30 -31.1525 99.5799 0 0 -1 -0.000139 1 0 1 0.000139 0 3004.dat
1 0 -50 -69.1431 19.6166 0 0 -1 -0.084202 0.996449 0 0.996449 0.084202 0 32498.dat
1 0 -50 -69.204 79.3479 0 0 -1 0.453367 0.891324 0 0.891324 -0.453367 0 32270.dat
1 0 -60 -69.204 79.3479 1 0 0 0 0.891324 0.453366 0 -0.453366 0.891324 3705.dat
0 ROTSTEP 0 180 0 REL
1 14 -70.0001 -79.1469 59.5732 0 0 1 0.000139 1 0 -1 0.000139 0 3894.dat
1 14 -69.9999 -55.1414 19.5765 0 0 -1 -0.000139 1 0 1 0.000139 0 3004.dat
1 14 -69.9999 -31.1414 19.5799 0 0 -1 -0.000139 1 0 1 0.000139 0 3004.dat
1 14 -70.0001 -31.1525 99.5798 0 0 -1 -0.000139 1 0 1 0.000139 0 3004.dat
1 14 -70 -55.1525 99.5765 0 0 -1 -0.000139 1 0 1 0.000139 0 3004.dat
1 1 -85.0001 -69.204 79.3479 0 -1 0 -0.891325 0 -0.453366 0.453366 0 -0.891325 6632.dat
1 1 -95.0001 -69.204 79.3479 0 -1 0 -0.891325 0 -0.453366 0.453366 0 -0.891325 6632.dat
1 19 -100 -87.3387 43.6949 1 0 0 0 0.891325 0.453365 0 -0.453365 0.891325 3749.dat
0 STEP
1 2 0.000215 -7.13861 -0.416887 0 0 1 0.000139 1 0 -1 0.000139 0 91405.dat
0 STEP
0 !LPUB ASSEM PLACEMENT LOCAL CENTER PAGE INSIDE 0.013498 0.185137
1 14 -130 -31.1303 -60.4203 0 0 -1 -0.000139 1 0 1 0.000139 0 3004.dat
1 14 -130 -31.1219 -120.42 1 0 0 0 1 0 0 0 1 3002.dat
1 14 -110 -55.1219 -120.424 0 0 -1 -0.000139 1 0 1 0.000139 0 3004.dat
1 1 130 -15.1497 79.5823 0 0 -1 -0.000139 1 0 1 0.000139 0 3710.dat
1 14 130 -39.1497 79.579 0 0 -1 -0.000139 1 0 1 0.000139 0 3701.dat
1 14 -150 -55.1219 -120.424 0 0 -1 -0.000139 1 0 1 0.000139 0 3004.dat
1 71 130 -69.2137 99.8145 1 0 0 0 0.877515 -0.479549 0 0.479549 0.877515 32073.dat
0 ROTSTEP 0 0 0 REL
1 4 -110 -65.9577 -11.9699 0 -1 0 -0.93449 0 0.35599 -0.35599 0 -0.93449 32524.dat
1 71 -120 -44.5657 -68.2026 1 0 0 0 0.999569 -0.029351 0 0.029351 0.999569 3673.dat
1 4 -130 -44.4467 -128.216 0 -0.999998 -0.00198 -0.999998 0 0.001981 -0.001981 0.00198 -0.999996 32524.dat
1 1 -130 -63.1219 -120.425 1 0 0 0 1 0 0 0 1 3021.dat
0 STEP
1 0 140 -29.1469 59.5804 1 0 0 0 1 0 0 0 1 2780.dat
1 0 140 -29.1524 99.5804 1 0 0 0 1 0 0 0 1 2780.dat
1 0 130 -69.8922 100.013 0 0 1 0.877515 -0.479548 0 0.479549 0.877515 0 32270.dat
0 STEP
1 4 150 -109.653 100.069 0 -1 0 0.000139 0 1 -1 0 0.000139 32526.dat
1 71 170 -69.2137 99.8146 0 1 0 0.877516 0 0.479548 0.479548 0 -0.877516 33299.dat
0 STEP
0
