0 Session 3 - Differential adder
0 Name: Session 3 - Differential adder.ldr
0 Author: Alex Allmont
0 ROTATION CENTER 0 0 0 1 "Custom" 
0 ROTATION CONFIG 0 0
1 19 -60.1268 -70.5336 17.5 -0.999959 -0.00902273 0 -0.00902273 0.999959 0 0 0 -1 6589.dat
1 19 -60.1287 -71.5335 -17.5 -0.999918 -0.0128258 0 0.0128258 -0.999918 0 0 0 1 6589.dat
1 19 -55.018 -52.107 0 0 0.987026 -0.16056 0 -0.16056 -0.987026 -1 0 0 6589.dat
1 71 -60.1159 -70.5336 -70 0 0.012827 0.999918 0 0.999918 -0.012827 -1 0 0 44294.dat
1 71 -60.1268 -70.5336 70 0 -0.009023 0.999959 0 0.999959 0.009023 -1 0 0 44294.dat
1 72 -60.042 -70.5401 0 0.987026 0.160562 0 -0.160562 0.987026 0 0 0 1 6573.dat
0 STEP
1 14 -0.140947 -80.6511 50 1 0 0 0 1 0 0 0 1 3702.dat
1 71 -0.257719 -70.6699 -30 -0.962603 -0.270915 0 -0.270915 0.962603 0 0 0 -1 3713.dat
1 71 -0.257721 -70.6699 -10 -0.962603 -0.270915 0 -0.270915 0.962603 0 0 0 -1 3713.dat
1 71 0.013193 -71.6325 9.99999 -0.962603 0.270915 0 -0.270915 -0.962603 0 0 0 1 3713.dat
1 0 -0.257739 -70.6699 -2.4e-005 0 -0.270915 0.962603 0 0.962603 0.270915 -1 0 0 3706.dat
1 72 -0.257726 -70.6699 30 0.962603 -0.270915 0 0.270915 0.962603 0 0 0 1 3648b.dat
0 STEP
1 72 59.8181 -70.7724 30 0.992908 -0.118883 0 0.118883 0.992908 0 0 0 1 3648b.dat
1 0 59.8181 -70.7724 -1.2e-005 0 -0.118883 0.992908 0 0.992908 0.118883 -1 0 0 3706.dat
1 71 59.937 -71.7653 10 -0.992909 0.11888 0 -0.11888 -0.992909 0 0 0 1 3713.dat
1 14 59.8181 -70.7724 -5.00001 0.992909 -0.118879 0 0.118879 0.992909 0 0 0 1 32123a.dat
0 STEP
1 14 59.3811 -71.3283 -10 -0.118883 -0.992908 0 0.992908 -0.118883 0 0 0 1 56904.dat
1 14 59.8181 -70.7724 -35 0.992909 -0.118879 0 0.118879 0.992909 0 0 0 1 32123a.dat
0 STEP
1 14 -0.140947 -80.6511 -50 1 0 0 0 1 0 0 0 1 3702.dat
1 14 -60.1159 -70.5336 -65 0.999918 0.012826 0 -0.012826 0.999918 0 0 0 1 32123a.dat
1 14 -60.1268 -70.5336 64.9999 0.999959 -0.00903 0 0.00903 0.999959 0 0 0 1 32123a.dat
0 STEP
1 14 -59.6223 -71.04 -90 0.012827 0.999918 0 0.999918 -0.012827 0 0 0 -1 56904.dat
1 14 -60.1159 -70.5336 -95 0.999918 0.012826 0 -0.012826 0.999918 0 0 0 1 32123a.dat
1 71 -60.1159 -70.5336 -110 -0.999918 0.012827 0 0.012827 0.999918 0 0 0 -1 3713.dat
1 14 -60.1268 -70.5336 95 0.999959 -0.00903 0 0.00903 0.999959 0 0 0 1 32123a.dat
1 14 -60.6223 -71.0381 90 -0.009023 -0.999959 0 0.999959 -0.009023 0 0 0 1 56904.dat
1 71 -60.1268 -70.5336 110 0.999959 -0.00903 0 0.00903 0.999959 0 0 0 1 3713.dat
0 STEP
1 14 -60.0467 -32.5336 -50 1 0 0 0 1 0 0 0 1 3004.dat
1 14 -60.0938 -56.5336 -50 1 0 0 0 1 0 0 0 1 3004.dat
1 14 59.9531 -32.7689 -50 1 0 0 0 1 0 0 0 1 3004.dat
1 14 59.906 -56.7689 -50 1 0 0 0 1 0 0 0 1 3004.dat
1 14 59.9531 -32.7689 50 1 0 0 0 1 0 0 0 1 3004.dat
1 14 59.906 -56.7689 50 1 0 0 0 1 0 0 0 1 3004.dat
1 14 -60.0467 -32.5336 50 1 0 0 0 1 0 0 0 1 3004.dat
1 14 -60.0938 -56.5336 50 1 0 0 0 1 0 0 0 1 3004.dat
0 STEP
1 2 0.000179 -8.6513 4.8e-005 0 0.001961 0.999998 0 0.999998 -0.001961 -1 0 0 91405.dat
1 14 -60.1408 -80.5335 -130 1 0 0 0 1 0 0 0 1 3700.dat
1 14 -60.1408 -80.5335 130 1 0 0 0 1 0 0 0 1 3700.dat
1 14 -60.0938 -56.5336 -130 1 0 0 0 1 0 0 0 1 3004.dat
1 14 -60.0467 -32.5336 -130 1 0 0 0 1 0 0 0 1 3004.dat
1 14 -60.0467 -32.5336 130 1 0 0 0 1 0 0 0 1 3004.dat
1 14 -60.0938 -56.5336 130 1 0 0 0 1 0 0 0 1 3004.dat
0 STEP
0
